Ficha;Fecha De Corte;Hacienda Suerte;Tonelada De Corte;Tipo De Caña;Dia De Corte
0001;20230508;18117 ;02367;1;O
0002;20230508;18117 ;07403;1;O
0003;20230508;18117 ;07403;1;O
0004;20230508;18117 ;02367;1;O
0005;20230508;18117A;05118;1;O
0006;20230508;18117A;06487;1;O
0007;20230508;18117A;05893;1;O
0008;20230508;18117A;05114;1;O
0009;20230508;18117A;05045;1;O
0010;20230508;18117A;03603;1;O
0011;20230508;18117A;05282;1;O
0012;20230508;18117A;05560;1;O
0013;20230508;18117A;04897;1;O
0014;20230508;18117A;04171;1;O
0015;20230508;18117A;04610;1;O
0016;20230508;18117A;04171;1;O
0017;20230508;18117A;03409;1;O
0018;20230508;18117A;06214;1;O
0019;20230508;18117A;04386;1;O
0020;20230508;18117A;05373;1;O
0021;20230508;18117A;03838;1;O
0022;20230508;18117A;05489;1;O
0023;20230508;18117A;03921;1;O
0024;20230508;18117A;04965;1;O
0025;20230508;18117A;04551;1;O
0026;20230508;18117A;03946;1;O
0027;20230508;18117A;05285;1;O
0028;20230508;18117A;05592;1;O
0029;20230508;18117A;06996;1;O
0030;20230508;18117A;03921;1;O
0031;20230508;18117A;04905;1;O
0032;20230508;18117A;04750;1;O
0033;20230508;18117A;04805;1;O
0034;20230508;18117A;05373;1;O
0035;20230508;18117A;04965;1;O
0036;20230508;18117A;05525;1;O
0037;20230508;18117A;05592;1;O
0038;20230509;90002 ;09706;4;O
0039;20230509;90002 ;08159;4;O
0040;20230509;90002 ;05909;4;O
0041;20230509;90002 ;07281;4;O
0042;20230509;90002 ;08259;4;O
0043;20230509;90002 ;07036;4;O
0044;20230509;90002 ;07174;4;O
0045;20230509;90002 ;05514;4;O
0046;20230509;90002 ;06796;4;O
0047;20230509;90002 ;06796;4;O
0048;20230509;90002 ;05540;4;O
0049;20230509;90002 ;05540;4;O
0050;20230509;90002 ;08259;4;O
0051;20230509;90002 ;08565;4;O
0052;20230509;90002 ;07192;4;O
0053;20230509;90002 ;07717;4;O
0054;20230509;90002 ;07717;4;O
0055;20230509;90002 ;08565;4;O
0056;20230509;90002 ;08492;4;O
0057;20230509;90002 ;06322;4;O
0058;20230509;90002 ;10805;4;O
0059;20230509;90002 ;08089;4;O
0060;20230509;90002 ;07773;4;O
0061;20230509;90002 ;09059;4;O
0062;20230509;90002 ;10422;4;O
0063;20230509;90002 ;06107;4;O
0064;20230509;90002 ;07818;4;O
0065;20230509;90002 ;05211;4;O
0066;20230509;90002 ;10945;4;O
0067;20230509;90002 ;09923;4;O
0068;20230509;90002 ;06322;4;O
0069;20230509;90002 ;09059;4;O
0070;20230510;36 01 ;07979;4;O
0071;20230510;36 01 ;05614;4;O
0072;20230510;36 01 ;05428;4;O
0073;20230510;36 01 ;06716;4;O
0074;20230510;36 01 ;06036;4;O
0075;20230510;36 01 ;07611;4;O
0076;20230510;36 01 ;06716;4;O
0077;20230510;36 01 ;06951;4;O
0078;20230510;36 01 ;06414;4;O
0079;20230510;36 01 ;06415;4;O
0080;20230510;36 01 ;05905;4;O
0081;20230510;36 01 ;02364;4;O
0082;20230510;36 01 ;03543;4;O
0083;20230510;36 01 ;06029;4;O
0084;20230510;36 01 ;05480;4;O
0085;20230510;36 01 ;07176;4;O
0086;20230510;36 01 ;05865;4;O
0087;20230510;36 01 ;05745;4;O
0088;20230510;36 01 ;05227;4;O
0089;20230510;36 01 ;05898;4;O
0090;20230510;36 01 ;06621;4;O
0091;20230510;36 01 ;06744;4;O
0092;20230510;36 01 ;05757;4;O
0093;20230510;36 01 ;06232;4;O
0094;20230510;36 01 ;05428;4;O
0095;20230510;36 01 ;05889;4;O
0096;20230510;36 01 ;05281;4;O
0097;20230510;36 01 ;05216;4;O
0098;20230510;36 01 ;08639;4;O
0099;20230510;36 01 ;02364;4;O
0100;20230510;36 01 ;04693;4;O
0101;20230510;36 01 ;04497;4;O
0102;20230510;36 01 ;04568;4;O
0103;20230510;36 01 ;05700;4;O
0104;20230510;36 01 ;05865;4;O
0105;20230510;36 01 ;05745;4;O
0106;20230510;36 01 ;05505;4;O
0107;20230510;36 01 ;05664;4;O
0108;20230510;36 01 ;05619;4;O
0109;20230510;36 01 ;05492;4;O
0110;20230511;21402 ;06140;1;O
0111;20230511;21402 ;05570;1;O
0112;20230511;21402 ;05372;1;O
0113;20230511;21402 ;05475;1;O
0114;20230511;21402 ;05187;1;O
0115;20230511;21402 ;03579;1;O
0116;20230511;21402 ;02147;1;O
0117;20230511;21402 ;03966;1;O
0118;20230511;21402 ;04015;1;O
0119;20230511;21402 ;05187;1;O
0120;20230511;21402 ;05010;1;O
0121;20230511;21402 ;05156;1;O
0122;20230511;21402 ;04605;1;O
0123;20230511;21402 ;05570;1;O
0124;20230511;21402 ;05372;1;O
0125;20230511;21402 ;05475;1;O
0126;20230511;21402 ;05187;1;O
0127;20230511;21402 ;05726;1;O
0128;20230511;21402 ;05726;1;O
0129;20230511;21402 ;05552;1;O
0130;20230511;21402 ;04015;1;O
0131;20230511;21402 ;05187;1;O
0132;20230511;21402 ;05086;1;O
0133;20230511;21402 ;05156;1;O
0134;20230511;21402 ;04415;1;O
0135;20230511;21402 ;03914;1;O
0136;20230511;21402 ;06092;1;O
0137;20230511;21402 ;06092;1;O
0138;20230511;21402 ;06888;1;O
0139;20230511;21402 ;10230;1;O
0140;20230511;21402 ;02349;1;O
0141;20230511;21402 ;04873;1;O
0142;20230511;21402 ;06175;1;O
0143;20230511;21402 ;08241;1;O
0144;20230511;21402 ;06175;1;O
0145;20230511;21402 ;06475;1;O
0146;20230511;21402 ;07561;1;O
0147;20230511;21402 ;04029;1;O
0148;20230511;21402 ;04834;1;O
0149;20230511;21402 ;04029;1;O
0150;20230512;82 02A;01952;2;O
0151;20230512;82 02A;01952;2;O
0152;20230512;82 02A;01539;2;O
0153;20230512;82 02A;01923;2;O
0154;20230512;82 02A;01476;2;O
0155;20230512;82 02A;01876;2;O
0156;20230512;82 02A;02188;2;O
0157;20230512;82 02A;01694;2;O
0158;20230512;82 02A;01694;2;O
0159;20230512;82 02A;01923;2;O
0160;20230512;82 02A;01952;2;O
0161;20230512;82 02A;01876;2;O
0162;20230512;82 02A;02188;2;O
0163;20230512;82 02A;01539;2;O
0164;20230512;82 02A;01694;2;O
0165;20230512;82 02A;01519;2;O
0166;20230512;82 02A;01476;2;O
0167;20230512;82 02A;01519;2;O
0168;20230512;82 02A;01476;2;O
0169;20230512;82 02A;01476;2;O
0170;20230512;82 02A;01476;2;O
0171;20230512;82 02A;01476;2;O
0172;20230512;82 02A;02298;2;O
0173;20230512;82 02A;01923;2;O
0174;20230512;82 02A;01838;2;O
0175;20230512;82 02A;01694;2;O
0176;20230512;82 02A;01838;2;O
0177;20230512;82 02A;01923;2;O
0178;20230512;82 02A;01952;2;O
0179;20230512;82 02A;01952;2;O
0180;20230512;82 02A;01952;2;O
0181;20230512;82 02A;01838;2;O
0182;20230512;82 02A;02298;2;O
0183;20230512;82 02A;01838;2;O
